REST 2.0 
2.0 1.0 49 52 55 59 
3.0 1.0 50 52 56 58 
4.0 1.0 48 52 54 57 
5.0 1.0 48 52 54 57 
6.0 1.0 50 52 56 59 
7.0 1.0 50 52 56 59 
8.0 1.0 48 52 54 57 
9.0 1.0 48 52 54 57 
10.0 1.0 50 52 56 59 
11.0 1.0 50 52 56 59 
12.0 1.0 48 52 54 57 
13.0 1.0 48 52 54 57 
14.0 1.0 50 52 56 59 
15.0 1.0 50 52 56 59 
16.0 1.0 48 52 54 57 
17.0 1.0 48 52 54 57 
18.0 1.0 50 52 56 59 
19.0 1.0 48 51 53 57 
20.0 1.0 50 53 57 
21.0 1.0 50 53 57 
22.0 1.0 48 53 57 
23.0 1.0 48 53 57 
24.0 1.0 48 52 53 57 
25.0 1.0 48 52 53 57 
26.0 1.0 48 52 53 57 
27.0 1.0 48 51 54 57 
28.0 1.0 50 56 59 
29.0 1.0 50 56 59 
30.0 1.0 51 54 57 59 
31.0 1.0 51 54 57 59 
32.0 1.0 52 56 59 
33.0 1.0 52 56 59 
34.0 1.0 49 52 56 59 
35.0 1.0 50 52 56 59 
36.0 1.0 48 52 54 57 
37.0 1.0 48 52 54 57 
38.0 1.0 50 52 56 59 
39.0 1.0 50 52 56 59 
40.0 1.0 48 52 54 57 
41.0 1.0 48 52 54 57 
42.0 1.0 50 52 56 59 
43.0 1.0 50 52 56 59 
44.0 1.0 48 52 54 57 
45.0 1.0 48 52 54 57 
46.0 1.0 50 52 56 59 
47.0 1.0 50 52 56 59 
48.0 1.0 48 52 57 
49.0 1.0 48 52 57 
50.0 1.0 48 50 54 57 
51.0 1.0 48 50 54 57 
52.0 1.0 48 52 55 
53.0 1.0 48 52 55 
54.0 1.0 48 52 57 
55.0 1.0 48 52 57 
56.0 1.0 50 54 57 
57.0 1.0 50 54 57 
58.0 1.0 48 50 53 57 
59.0 1.0 48 50 53 57 
60.0 1.0 48 52 57 
61.0 1.0 48 52 57 
62.0 1.0 48 52 57 
63.0 1.0 48 52 57 
64.0 1.0 48 53 57 
65.0 1.0 48 53 57 
