REST 2.0 
2.0 1.0 59 67 
3.0 1.0 59 67 
4.0 1.0 64 69 
5.0 1.0 62 66 
6.0 1.0 62 67 
7.0 1.0 62 66 
8.0 1.0 60 67 
9.0 1.0 62 67 
10.0 1.0 64 67 
11.0 1.0 62 66 
12.0 3.5 59 62 
REST 1.5 
17.0 1.0 59 62 
18.0 1.0 64 67 
19.0 1.0 64 69 
20.0 1.0 62 66 
21.0 1.0 62 67 
22.0 1.0 62 69 
23.0 1.0 60 67 
24.0 1.0 62 67 
25.0 1.0 64 69 
26.0 1.0 62 66 
27.0 4.0 59 62 
REST 2.0 
33.0 2.0 62 67 
35.0 1.0 60 67 
36.0 2.0 66 69 
38.0 1.0 64 69 
39.0 2.0 62 67 
41.0 1.0 64 67 
42.0 1.0 62 67 
43.0 1.0 60 64 
44.0 1.0 62 67 
45.0 2.0 62 66 
REST 1.0 
48.0 1.5 59 64 
REST 0.5 
50.0 1.0 59 66 
51.0 1.5 60 64 
REST 0.5 
53.0 1.0 60 64 
54.0 1.0 57 66 
55.0 1.0 54 57 
56.0 1.0 57 62 
57.0 1.0 55 62 
58.0 1.0 60 64 
59.0 1.0 57 62 
60.0 4.0 59 62 
