REST 1.0 
1.0 1.0 38 50 
2.0 1.0 43 55 
3.0 1.0 40 52 
4.0 1.0 36 48 
5.0 1.0 38 50 
6.0 1.0 43 55 
7.0 1.0 42 54 
8.0 1.0 40 52 
9.0 1.0 38 50 
10.0 1.0 36 48 
11.0 1.0 38 50 
12.0 3.5 43 55 
REST 0.5 
16.0 1.0 38 50 
17.0 1.0 43 55 
18.0 1.0 40 52 
19.0 1.0 36 48 
20.0 1.0 38 50 
21.0 1.0 43 55 
22.0 1.0 42 54 
23.0 1.0 40 52 
24.0 1.0 38 50 
25.0 1.0 36 48 
26.0 1.0 38 50 
27.0 4.5 43 55 
REST 0.5 
32.0 0.5 31 43 
32.5 0.5 33 45 
33.0 2.0 35 47 
35.0 1.0 36 48 
36.0 2.0 38 50 
38.0 0.5 40 52 
38.5 0.5 42 54 
39.0 2.0 43 55 
41.0 1.0 36 48 
42.0 1.0 31 43 
43.0 1.0 33 45 
44.0 0.5 35 47 
44.5 0.5 36 48 
45.0 2.0 38 50 
47.0 1.0 38 50 
48.0 2.0 40 52 
50.0 1.0 38 50 
51.0 2.0 36 48 
53.0 1.0 33 45 
54.0 1.5 38 50 
REST 0.5 
56.0 1.0 36 48 
57.0 1.0 35 47 
58.0 1.0 33 45 
59.0 1.0 38 50 
60.0 4.0 43 55 
